    UMAGLY_H=   28.8750000    
    UMAGLZ_H=   41.2500000    
    UPOLLY_H=   24.7500000    
    UPOLLZ_H=   33.0000000    
